Food:10.0:2019-03-12T20:16:30.005389400
Study:11.0:2019-03-12T20:16:47.657987400
